1.000000000 0.000000000 0.000000000 0.000000000 0.000000000 1.000000000 0.000000000 0.000000000 0.000000000 0.000000000 1.000000000 0.000000000
0.999991953 -0.002638444 -0.003037855 -0.003280199 0.002632730 0.999994814 -0.001883403 -0.014646335 0.003042808 0.001875389 0.999993563 0.684823215
0.999974132 -0.001196845 -0.007091615 -0.009431584 0.001169610 0.999991953 -0.003843358 -0.008429187 0.007096157 0.003834964 0.999967456 1.382377148
0.999938309 -0.000738312 -0.011081295 -0.019675408 0.000681685 0.999986708 -0.005113099 -0.030484207 0.011084924 0.005105230 0.999925494 2.113396168
0.999883533 -0.000624837 -0.015251465 -0.054371122 0.000538814 0.999983907 -0.005643817 -0.030851753 0.015254748 0.005634942 0.999867797 2.866784334
0.999795735 -0.001129246 -0.020178694 -0.062027030 0.001005356 0.999980628 -0.006148747 -0.036132570 0.020185247 0.006127205 0.999777496 3.615344048
0.999707580 0.001040861 -0.024161674 -0.090919465 -0.001229303 0.999968946 -0.007785681 -0.043948382 0.024152819 0.007813106 0.999677777 4.382311344
0.999585152 0.002396966 -0.028701469 -0.120105319 -0.002604655 0.999970675 -0.007201011 -0.068168595 0.028683366 0.007272782 0.999562085 5.184158325
0.999452710 0.002739604 -0.032966450 -0.153722793 -0.002944134 0.999976754 -0.006157260 -0.071980283 0.032948814 0.006250948 0.999437511 5.996549606
0.999304235 0.001633883 -0.037262540 -0.182149857 -0.001751414 0.999993563 -0.003121692 -0.094892703 0.037257202 0.003184783 0.999300599 6.804304600
0.999170244 0.002262161 -0.040665172 -0.219309658 -0.002310710 0.999996662 -0.001146928 -0.096267149 0.040662445 0.001239942 0.999172211 7.626865864
0.999055207 0.003362803 -0.043328855 -0.257740110 -0.003435816 0.999992728 -0.001610729 -0.109994017 0.043323122 0.001758077 0.999059618 8.475023270
0.998976588 0.003170192 -0.045118820 -0.305149227 -0.003240715 0.999993622 -0.001489989 -0.126867995 0.045113809 0.001634681 0.998980582 9.303075790
0.998877287 0.000311461 -0.047371473 -0.336231977 -0.000388056 0.999998629 -0.001607692 -0.137507498 0.047370911 0.001624270 0.998876035 10.145197868
0.998792052 0.001043245 -0.049127687 -0.375968814 -0.001124975 0.999998033 -0.001636017 -0.151261583 0.049125884 0.001689309 0.998791277 10.987957001
0.998704851 -0.001165734 -0.050866026 -0.426426470 0.001065552 0.999997437 -0.001996580 -0.157790869 0.050868228 0.001939793 0.998703480 11.865155220
0.998586237 0.000269310 -0.053154450 -0.471154302 -0.000474941 0.999992490 -0.003855980 -0.176781297 0.053153008 0.003875775 0.998578787 12.736148834
0.998533547 0.000576229 -0.054133218 -0.527887702 -0.000944010 0.999976695 -0.006768675 -0.183878183 0.054128058 0.006809853 0.998510778 13.609949112
0.998479128 0.004187941 -0.054972358 -0.606009543 -0.004646009 0.999955535 -0.008207562 -0.196253404 0.054935541 0.008450482 0.998454094 14.489290237
0.998352349 0.004642300 -0.057193082 -0.637897551 -0.005094398 0.999956906 -0.007761488 -0.220580548 0.057154585 0.008040063 0.998333037 15.422318459
0.998241901 0.003193654 -0.059185971 -0.691372573 -0.003605223 0.999970019 -0.006848359 -0.227725014 0.059162322 0.007049697 0.998223484 16.342521667
0.998208821 0.004394114 -0.059663471 -0.744631827 -0.004694094 0.999976993 -0.004888645 -0.253611475 0.059640624 0.005159955 0.998206615 17.232194901
0.998178065 0.003934592 -0.060208272 -0.803655207 -0.004226603 0.999979854 -0.004723424 -0.272634268 0.060188472 0.004969295 0.998174667 18.156311035
0.998071492 0.003018899 -0.062001515 -0.863172233 -0.003355928 0.999980152 -0.005332395 -0.293418348 0.061984189 0.005530184 0.998061836 19.077053070
0.998082399 0.003779855 -0.061783422 -0.946928203 -0.004185331 0.999970496 -0.006434756 -0.314467788 0.061757281 0.006681001 0.998068869 19.991722107
0.998012066 0.003872022 -0.062904626 -0.997675717 -0.004188406 0.999979198 -0.004898494 -0.323142201 0.062884353 0.005152226 0.998007476 20.925683975
0.998023272 0.004415140 -0.062688679 -1.073832512 -0.004500650 0.999989092 -0.001222916 -0.349744767 0.062682599 0.001502639 0.998032391 21.885543823
0.998058736 0.005117446 -0.062069759 -1.125712276 -0.004987569 0.999985039 0.002247206 -0.366171002 0.062080327 -0.001933266 0.998069227 22.783323288
0.998149574 0.004522132 -0.060638897 -1.180143237 -0.004243106 0.999979794 0.004729425 -0.373653412 0.060659062 -0.004463376 0.998148561 23.742401123
0.998254240 0.005116750 -0.058840699 -1.236891150 -0.004785785 0.999971926 0.005764318 -0.391890526 0.058868546 -0.005472656 0.998250663 24.687395096
0.998322189 0.004624903 -0.057720002 -1.295716047 -0.004450521 0.999985158 0.003149376 -0.407226920 0.057733703 -0.002887208 0.998327792 25.624481201
0.998351574 0.005478402 -0.057132162 -1.342802882 -0.005597858 0.999982417 -0.001931051 -0.413274199 0.057120580 0.002247685 0.998364747 26.584041595
0.998435318 0.004647640 -0.055725466 -1.407660007 -0.004893182 0.999978900 -0.004270653 -0.434041858 0.055704441 0.004536645 0.998436987 27.549087524
0.998464704 0.000468215 -0.055389173 -1.448720455 -0.000642539 0.999994934 -0.003129497 -0.448144168 0.055387430 0.003160283 0.998459935 28.523357391
0.998435736 -0.001333802 -0.055896182 -1.498662353 0.001433385 0.999997497 0.001741501 -0.456943750 0.055893719 -0.001818898 0.998434961 29.502010345
0.998372257 -0.004090541 -0.056886874 -1.552977324 0.004375861 0.999978423 0.004891919 -0.476922870 0.056865640 -0.005132885 0.998368680 30.493303299
0.998306513 -0.010449254 -0.057227254 -1.616206527 0.010718403 0.999932885 0.004398244 -0.494961411 0.057177451 -0.005004181 0.998351455 31.469467163
0.998195291 -0.011362828 -0.058965940 -1.662659049 0.011350529 0.999935508 -0.000543539 -0.495949715 0.058968306 -0.000126736 0.998259962 32.444652557
0.998132885 -0.010135428 -0.060233764 -1.736852646 0.009914936 0.999942958 -0.003958345 -0.520048141 0.060270447 0.003353741 0.998176455 33.435836792
0.998012424 -0.008414317 -0.062453255 -1.786477804 0.008128689 0.999955297 -0.004826147 -0.531734645 0.062491078 0.004308892 0.998036206 34.442901611
0.997970939 -0.009433723 -0.062968589 -1.859218597 0.009252890 0.999952137 -0.003162830 -0.557461917 0.062995411 0.002573771 0.998010457 35.430744171
0.997906208 -0.006208347 -0.064378902 -1.929810882 0.006206364 0.999980688 -0.000230800 -0.576931357 0.064379089 -0.000169242 0.997925401 36.450870514
0.997849703 -0.005140096 -0.065341122 -1.987676859 0.005262714 0.999984682 0.001704591 -0.614781141 0.065331362 -0.002044797 0.997861564 37.386535645
0.997793257 -0.003086925 -0.066325471 -2.054656744 0.003359219 0.999986351 0.003994288 -0.621606231 0.066312246 -0.004208275 0.997789979 38.395294189
0.997840405 -0.003407616 -0.065597184 -2.122619152 0.003893735 0.999965906 0.007284259 -0.646662951 0.065570123 -0.007523946 0.997819543 39.355869293
0.997784913 0.002033593 -0.066491790 -2.195467710 -0.001388604 0.999951601 0.009745054 -0.653037548 0.066508383 -0.009631137 0.997739434 40.376022339
0.997752011 0.000371119 -0.067012765 -2.259804487 0.000242293 0.999958158 0.009145303 -0.662169814 0.067013353 -0.009140981 0.997710228 41.468925476
0.997730672 -0.000956834 -0.067324556 -2.323891640 0.001495784 0.999967277 0.007955295 -0.676719964 0.067314744 -0.008037944 0.997699320 42.451362610
0.997795403 0.002100017 -0.066332504 -2.413948059 -0.001750637 0.999984324 0.005324795 -0.686074018 0.066342644 -0.005196931 0.997783363 43.442981720
0.997692764 0.000765894 -0.067886867 -2.460263014 -0.000366319 0.999982536 0.005898155 -0.706947446 0.067890197 -0.005859678 0.997675598 44.420619965
0.997557163 -0.000687169 -0.069851376 -2.527271986 0.001092799 0.999982715 0.005769002 -0.694746494 0.069846213 -0.005831243 0.997540712 45.436889648
0.997547567 0.000223269 -0.069991291 -2.606314421 0.000252655 0.999976873 0.006790828 -0.708054245 0.069991201 -0.006791858 0.997524440 46.421306610
0.997520268 0.002997195 -0.070316143 -2.678484201 -0.002697065 0.999986887 0.004362858 -0.741332114 0.070328295 -0.004162393 0.997515202 47.399353027
0.997399211 0.005454224 -0.071868911 -2.746528864 -0.005522733 0.999984443 -0.000754558 -0.748263240 0.071863674 0.001149508 0.997413814 48.350761414
0.997417331 0.005595176 -0.071605302 -2.827468157 -0.005739586 0.999981880 -0.001811161 -0.763553321 0.071593881 0.002217469 0.997431338 49.327598572
0.997380018 0.004770094 -0.072182566 -2.888081789 -0.004624873 0.999986947 0.002178863 -0.785180211 0.072192028 -0.001839319 0.997389019 50.298767090
0.997401714 0.002407712 -0.072000265 -2.956048965 -0.002042799 0.999984682 0.005141421 -0.806831658 0.072011545 -0.004980980 0.997391343 51.258769989
0.997402310 0.000589733 -0.072029755 -3.025045395 -0.000186833 0.999984264 0.005600136 -0.819025517 0.072031915 -0.005572131 0.997386754 52.238449097
0.997404873 -0.001504870 -0.071981564 -3.100165844 0.001779562 0.999991417 0.003752153 -0.830269814 0.071975291 -0.003870511 0.997398973 53.173690796
0.997375250 -0.004724385 -0.072251432 -3.170125008 0.004988132 0.999981582 0.003470405 -0.852450788 0.072233714 -0.003821696 0.997380316 54.139915466
0.997275651 -0.005963581 -0.073522970 -3.235406160 0.006277386 0.999972165 0.004037789 -0.856803119 0.073496833 -0.004488321 0.997285366 55.107009888
0.997142553 -0.010322527 -0.074834183 -3.318238974 0.011024045 0.999899030 0.008967274 -0.869475663 0.074734062 -0.009766626 0.997155666 56.084983826
0.997123122 -0.010704889 -0.075038545 -3.384251118 0.011864616 0.999816716 0.015026369 -0.899506807 0.074863918 -0.015873445 0.997067392 57.035930634
0.997093081 -0.009054800 -0.075653642 -3.455334663 0.010349832 0.999806285 0.016743379 -0.898985624 0.075487375 -0.017477712 0.996993542 57.993335724
0.996987343 -0.009622237 -0.076965369 -3.529421806 0.010645549 0.999860168 0.012896544 -0.905449271 0.076830506 -0.013677030 0.996950328 58.914978027
0.996859431 -0.007581948 -0.078828715 -3.608669519 0.008042053 0.999952435 0.005520942 -0.910933733 0.078783102 -0.006137547 0.996872842 59.863395691
0.996827304 -0.005707601 -0.079389237 -3.686682940 0.005723173 0.999983668 -0.000031396 -0.912556052 0.079388119 -0.000423062 0.996843696 60.789737701
0.996757150 -0.000220568 -0.080468975 -3.765968323 0.000286989 0.999999642 0.000813864 -0.931772947 0.080468766 -0.000834318 0.996756732 61.700462341
0.996694148 0.000673707 -0.081242643 -3.847703218 -0.000381452 0.999993443 0.003612774 -0.950807393 0.081244528 -0.003569841 0.996687829 62.593788147
0.996591270 0.003083898 -0.082439996 -3.921923161 -0.002652904 0.999982238 0.005337004 -0.973033786 0.082454979 -0.005100106 0.996581733 63.477134705
0.996495128 0.004120867 -0.083549038 -3.998016596 -0.003740528 0.999981880 0.004708305 -0.981390953 0.083566926 -0.004379285 0.996492565 64.356063843
0.996395707 0.005354537 -0.084657632 -4.081312180 -0.004914993 0.999973357 0.005399574 -0.988668799 0.084684290 -0.004964022 0.996395528 65.204360962
0.996269524 0.003644590 -0.086219609 -4.144784451 -0.003056936 0.999971151 0.006946834 -1.004773617 0.086242430 -0.006657351 0.996252000 66.038345337
0.996143878 0.004464808 -0.087621719 -4.222965240 -0.003877456 0.999968827 0.006872335 -1.015206456 0.087649673 -0.006506085 0.996130109 66.865844727
0.996020198 0.004435880 -0.089016773 -4.288384914 -0.003755308 0.999962389 0.007811461 -1.025764465 0.089048088 -0.007446088 0.995999455 67.651664734
0.995862365 0.007610240 -0.090555124 -4.362874985 -0.006685318 0.999922395 0.010512850 -1.034410119 0.090628110 -0.009863964 0.995836020 68.454826355
0.995774209 0.008414406 -0.091448903 -4.440311432 -0.007100971 0.999867082 0.014678406 -1.045387626 0.091560259 -0.013967002 0.995701492 69.237289429
0.995607913 0.011433688 -0.092919663 -4.523547649 -0.009974695 0.999819815 0.016150968 -1.044714570 0.093087584 -0.015153188 0.995542705 70.015823364
0.995421112 0.013418918 -0.094640084 -4.593104362 -0.012290308 0.999846339 0.012498136 -1.062480688 0.094793245 -0.011277752 0.995433211 70.771682739
0.995265067 0.014786851 -0.096067041 -4.654088020 -0.014405223 0.999885321 0.004664870 -1.074123263 0.096124999 -0.003258915 0.995363832 71.477691650
0.995164037 0.014105490 -0.097209051 -4.736410618 -0.014281818 0.999897420 -0.001118298 -1.083121181 0.097183295 0.002501211 0.995263338 72.189292908
0.995102763 0.015119893 -0.097682618 -4.806159019 -0.015444777 0.999877453 -0.002570579 -1.083206534 0.097631775 0.004066677 0.995214224 72.883201599
0.994995296 0.017555598 -0.098367870 -4.881509304 -0.017510209 0.999845862 0.001324779 -1.098876953 0.098375954 0.000404293 0.995149314 73.563438416
0.994918644 0.017796304 -0.099096514 -4.964805603 -0.017577572 0.999840796 0.003080002 -1.106814623 0.099135540 -0.001322475 0.995073020 74.235610962
0.994888067 0.015147011 -0.099841349 -5.033316612 -0.015145802 0.999884963 0.000770139 -1.141279459 0.099841535 0.000745975 0.995003164 74.871612549
0.994923949 0.007429526 -0.100355208 -5.071416378 -0.007959294 0.999956429 -0.004879574 -1.149144173 0.100314572 0.005653561 0.994939685 75.485908508
0.994894445 0.002206499 -0.100896798 -5.111518860 -0.003034762 0.999962986 -0.008056273 -1.190565944 0.100875281 0.008321340 0.994864285 76.331794739
0.995213091 0.004523898 -0.097624071 -5.176433563 -0.005365899 0.999950588 -0.008364110 -1.201026559 0.097581431 0.008847913 0.995188117 76.923042297
0.995547533 0.009310864 -0.093799874 -5.226462841 -0.009883918 0.999935210 -0.005646589 -1.209941149 0.093741208 0.006548558 0.995575070 77.501785278
0.996008039 0.007573854 -0.088941336 -5.281934738 -0.007858017 0.999965131 -0.002845238 -1.225249410 0.088916689 0.003532783 0.996032774 78.083091736
0.996513009 0.004376589 -0.083322182 -5.316277504 -0.004255646 0.999989569 0.001629055 -1.239707947 0.083328448 -0.001268785 0.996521354 78.611579895
0.997123003 -0.000686838 -0.075797401 -5.332346439 0.001074435 0.999986589 0.005072933 -1.255891800 0.075792901 -0.005139777 0.997110367 79.159034729
0.997924089 0.003782229 -0.064290576 -5.374478817 -0.003497787 0.999983609 0.004536291 -1.252771616 0.064306691 -0.004302000 0.997920930 79.691246033
0.998757780 0.008375163 -0.049119547 -5.412626266 -0.008152920 0.999955654 0.004723119 -1.272644043 0.049156923 -0.004316784 0.998781741 80.319740295
0.999410033 0.013196429 -0.031707074 -5.417496681 -0.013044135 0.999902368 0.005005236 -1.273721814 0.031770028 -0.004588692 0.999484658 80.815124512
0.999895334 0.011429551 -0.008869613 -5.418148518 -0.011377392 0.999917865 0.005908875 -1.284248590 0.008936419 -0.005807343 0.999943256 81.318321228
0.999818504 0.007392067 0.017558683 -5.396646023 -0.007518398 0.999946296 0.007139674 -1.294966102 -0.017504960 -0.007270391 0.999820292 81.777717590
0.998914838 0.006432465 0.046127435 -5.336427689 -0.006788157 0.999948442 0.007558585 -1.286460996 -0.046076432 -0.007863503 0.998906970 82.255767822
0.996850252 0.006109370 0.079071641 -5.273314476 -0.006866993 0.999933064 0.009313102 -1.296917677 -0.079009451 -0.009826753 0.996825337 82.703353882
0.993148923 0.005821567 0.116710588 -5.196853161 -0.007041507 0.999924779 0.010043104 -1.303424478 -0.116643324 -0.010796117 0.993115246 83.159835815
0.987602234 0.005776698 0.156870604 -5.091391563 -0.007237640 0.999935627 0.008743409 -1.294511795 -0.156809971 -0.009770383 0.987580419 83.566719055
0.979385316 0.005854331 0.201916292 -4.984377861 -0.007709605 0.999934971 0.008403096 -1.302008748 -0.201853961 -0.009786564 0.979366720 84.075843811
0.967973888 0.008977436 0.250890195 -4.846900463 -0.010961317 0.999918699 0.006511060 -1.311562777 -0.250811338 -0.009052623 0.967993557 84.483657837
0.952862680 0.009334333 0.303258061 -4.674133778 -0.011063654 0.999930859 0.003984910 -1.324484825 -0.303199977 -0.007152216 0.952900171 84.870773315
0.932857692 0.008852971 0.360136330 -4.513023853 -0.010368775 0.999943614 0.002277246 -1.333860040 -0.360095918 -0.005858520 0.932896793 85.243858337
0.909201264 0.009738525 0.416242927 -4.309846878 -0.010685822 0.999942899 -0.000053828 -1.334067106 -0.416219711 -0.004398958 0.909253359 85.577972412
0.880172670 0.009319949 0.474562228 -4.087764740 -0.009294270 0.999953985 -0.002400016 -1.337311983 -0.474562764 -0.002298282 0.880218685 85.924613953
0.846172035 0.007848187 0.532852054 -3.852002382 -0.007070315 0.999968886 -0.003500485 -1.353031993 -0.532862902 -0.000805418 0.846201241 86.251541138
0.809590518 0.007374877 0.586948633 -3.581428051 -0.005872115 0.999972701 -0.004464901 -1.363504052 -0.586965561 0.000168112 0.809611797 86.538848877
0.768781245 0.005855894 0.639485002 -3.326320887 -0.004265901 0.999982834 -0.004028629 -1.369261622 -0.639497638 0.000369155 0.768792927 86.813087463
0.727158368 0.005992540 0.686443686 -3.018373966 -0.005637681 0.999980211 -0.002757599 -1.365108848 -0.686446667 -0.001864740 0.727177799 87.050254822
0.683781207 0.004873900 0.729670882 -2.695301056 -0.004850333 0.999985933 -0.002134203 -1.369707942 -0.729670882 -0.002079817 0.683795273 87.260421753
0.637629271 0.001509681 0.770341873 -2.370703220 0.000474774 0.999997079 -0.002352730 -1.386909723 -0.770343184 0.001865907 0.637626708 87.465438843
0.591504395 -0.000742625 0.806301355 -2.036556482 0.005232222 0.999982059 -0.002917360 -1.398199320 -0.806284726 0.005944380 0.591497719 87.639495850
0.546519220 0.001091186 0.837445796 -1.684861422 0.006242251 0.999966025 -0.005376657 -1.387652278 -0.837423265 0.008165994 0.546493828 87.796791077
0.499312192 0.003573186 0.866414726 -1.344323277 0.003696750 0.999973595 -0.006254423 -1.391451478 -0.866414249 0.006325828 0.499285847 87.955238342
0.453141898 0.005934590 0.891418636 -0.995694757 0.003463824 0.999958515 -0.008417984 -1.399202585 -0.891431630 0.006902259 0.453102529 88.108291626
0.410368800 0.003631169 0.911912441 -0.644879580 0.010630895 0.999905050 -0.008765548 -1.400596738 -0.911857724 0.013291554 0.410291225 88.225517273
0.369804233 -0.003449786 0.929103315 -0.283311397 0.025512852 0.999653697 -0.006442952 -1.404552937 -0.928759396 0.026086707 0.369764179 88.327247620
0.334264338 -0.008228293 0.942443490 0.112065732 0.027918968 0.999609530 -0.001174857 -1.426592946 -0.942065775 0.026704762 0.334363550 88.445312500
0.300966948 -0.003680140 0.953627467 0.477199435 0.025012579 0.999678969 -0.004036168 -1.430090427 -0.953306496 0.025067434 0.300962389 88.542221069
0.270208448 0.004835427 0.962789714 0.847586632 0.015106729 0.999843001 -0.009261248 -1.439057469 -0.962683320 0.017047070 0.270092964 88.611793518
0.241433829 0.010587754 0.970359504 1.227504015 0.009392194 0.999868214 -0.013246585 -1.448128939 -0.970371783 0.012311978 0.241302550 88.701797485
0.215300068 0.011561844 0.976479530 1.619815469 0.010653672 0.999842584 -0.014187456 -1.466452479 -0.976489842 0.013457652 0.215142995 88.772369385
0.192335948 0.012975249 0.981243372 2.017488003 0.018119106 0.999695182 -0.016770814 -1.476744533 -0.981161833 0.021004884 0.192042217 88.815238953
0.172050014 0.018817428 0.984908521 2.444200039 0.024681129 0.999421299 -0.023406163 -1.487232447 -0.984778941 0.028335683 0.171486005 88.867889404
0.152395487 0.025964092 0.987978458 2.875426531 0.029396800 0.999093473 -0.030790644 -1.472671866 -0.987882257 0.033735763 0.151494071 88.924621582
0.135564089 0.027086511 0.990398228 3.285157681 0.024829686 0.999219418 -0.030726407 -1.495097280 -0.990457416 0.028756676 0.134785712 88.951873779
0.119998895 0.022165975 0.992526591 3.724171162 0.023551987 0.999405742 -0.025167100 -1.520411015 -0.992494583 0.026396001 0.119405523 88.999336243
0.105364487 0.018870516 0.994254649 4.194688797 0.023349257 0.999497354 -0.021444419 -1.542549014 -0.994159460 0.025474587 0.104870930 89.040664673
0.092182085 0.016701568 0.995602131 4.691514969 0.026711417 0.999458015 -0.019239444 -1.556692839 -0.995383799 0.028367473 0.091685995 89.080299377
0.080684967 0.015625298 0.996617138 5.181181908 0.027984543 0.999447346 -0.017935269 -1.575749159 -0.996346653 0.029336985 0.080203116 89.096405029
0.070661478 0.016452527 0.997364700 5.696751595 0.032498118 0.999295175 -0.018786807 -1.589438677 -0.996970892 0.033739984 0.070076987 89.119392395
0.062627286 0.016869299 0.997894406 6.233042240 0.034243982 0.999232113 -0.019041045 -1.607094646 -0.997449338 0.035364371 0.062001530 89.144966125
0.056290355 0.016929684 0.998270929 6.786889076 0.034832291 0.999214292 -0.018909801 -1.624893308 -0.997806728 0.035836499 0.055656422 89.185585022
0.050765730 0.018437581 0.998540342 7.358457565 0.036171757 0.999139607 -0.020287614 -1.636949182 -0.998055339 0.037148874 0.050055142 89.206909180
0.045487419 0.019078869 0.998782694 7.933405399 0.037034646 0.999098063 -0.020771557 -1.650154591 -0.998278141 0.037934411 0.044739813 89.215728760
0.040682267 0.018999062 0.998991489 8.551396370 0.038699746 0.999039054 -0.020575950 -1.675793171 -0.998422384 0.039497796 0.039907914 89.248245239
0.038247298 0.018947899 0.999088645 9.161417007 0.040067330 0.998987079 -0.020479837 -1.692238331 -0.998464704 0.040814113 0.037449360 89.255767822
0.034613043 0.018850731 0.999222994 9.805731773 0.040543359 0.998972595 -0.020250425 -1.710125923 -0.998578072 0.041212782 0.033813208 89.290084839
0.032268133 0.018467920 0.999308646 10.447412491 0.043708079 0.998846710 -0.019870739 -1.728796721 -0.998523057 0.044319052 0.031423721 89.305068970
0.031999514 0.018192375 0.999322295 11.125193596 0.047108173 0.998695672 -0.019689431 -1.740180850 -0.998377085 0.047706302 0.031100770 89.317810059
0.033293918 0.018272409 0.999278545 11.829647064 0.051197495 0.998489022 -0.019963766 -1.755200744 -0.998133481 0.051825229 0.032308105 89.331062317
0.035619106 0.018418361 0.999195695 12.538269997 0.052695934 0.998404622 -0.020282272 -1.771935344 -0.997975171 0.053375989 0.034591705 89.354324341
0.039359033 0.018402860 0.999055624 13.293683052 0.054982841 0.998275757 -0.020554610 -1.794467568 -0.997711301 0.055739932 0.038279325 89.384826660
0.043811493 0.017985415 0.998877943 14.047803879 0.055597473 0.998244584 -0.020412559 -1.814446568 -0.997491598 0.056429394 0.042734638 89.416923523
0.048012566 0.016388126 0.998712242 14.786916733 0.056928504 0.998195231 -0.019116448 -1.837089062 -0.997223139 0.057773028 0.046992961 89.449752808
0.051625058 0.015180646 0.998551130 15.567532539 0.056242041 0.998253405 -0.018083829 -1.850015759 -0.997081578 0.057094131 0.050681107 89.494537354
0.055228740 0.012504616 0.998395443 16.357994080 0.053112581 0.998469114 -0.015443595 -1.878998160 -0.997060120 0.053880289 0.054480042 89.548141479
0.059934240 0.011550013 0.998135567 17.188343048 0.052075312 0.998535275 -0.014681563 -1.904321432 -0.996843100 0.052858144 0.059244979 89.580337524
0.064268544 0.011929340 0.997861326 18.000898361 0.049009271 0.998684227 -0.015095684 -1.939440250 -0.996728420 0.049874630 0.063599341 89.629859924
0.067840531 0.016099406 0.997566283 18.832254410 0.046620410 0.998726368 -0.019288601 -1.964576244 -0.996606350 0.047815502 0.067003570 89.681884766
0.067961007 0.021688394 0.997452259 19.632982254 0.041371882 0.998842478 -0.024537481 -1.987543344 -0.996829808 0.042934068 0.066985056 89.769477844
0.068692409 0.024130333 0.997345984 20.439735413 0.037799239 0.998926699 -0.026772005 -2.031169653 -0.996921480 0.039537955 0.067706570 89.809524536
0.069200888 0.023777772 0.997319281 21.259059906 0.035772372 0.999013841 -0.026300306 -2.066318512 -0.996961057 0.037496485 0.068282045 89.867179871
0.068767644 0.021967726 0.997390807 22.075571060 0.032654013 0.999172270 -0.024258379 -2.103486300 -0.997098207 0.034237001 0.067993402 89.933647156
0.068592615 0.020391356 0.997436345 22.898998260 0.033053644 0.999195695 -0.022700392 -2.145714521 -0.997097015 0.034525987 0.067863442 89.991088867
0.068527937 0.019981820 0.997449040 23.716440201 0.030592168 0.999287188 -0.022120422 -2.178135633 -0.997180104 0.032029998 0.067867801 90.062599182
0.069135234 0.019626198 0.997414231 24.584648132 0.028422272 0.999361873 -0.021634595 -2.214827061 -0.997202396 0.029844489 0.068533286 90.128570557
0.068595298 0.020670062 0.997430384 25.403148651 0.024874078 0.999439061 -0.022422330 -2.250631094 -0.997334480 0.026348224 0.068042681 90.199691772
0.067699954 0.022613218 0.997449458 26.218511581 0.021155618 0.999485791 -0.024095284 -2.274449348 -0.997481406 0.022732910 0.067186750 90.244041443
0.064293705 0.022101058 0.997686267 27.036626816 0.018137597 0.999563754 -0.023311486 -2.310951233 -0.997766137 0.019594410 0.063864797 90.309104919
0.061121669 0.021459658 0.997899592 27.856367111 0.015456091 0.999628723 -0.022443531 -2.338759422 -0.998010576 0.016795412 0.060767293 90.360282898
0.055114422 0.017539484 0.998325944 28.666873932 0.015231907 0.999714613 -0.018404784 -2.371891975 -0.998363912 0.016220776 0.054831535 90.425727844
0.049008660 0.017303424 0.998648465 29.478639603 0.011750701 0.999770641 -0.017899536 -2.392961979 -0.998729289 0.012612052 0.048794098 90.464065552
0.041524235 0.017125925 0.998990715 30.289964676 0.011149854 0.999782860 -0.017602962 -2.426758528 -0.999075294 0.011869550 0.041324269 90.495368958
0.033695918 0.017356824 0.999281347 31.103240967 0.010541031 0.999787331 -0.017721059 -2.465756416 -0.999376476 0.011130583 0.033505794 90.515548706
0.023965534 0.018822523 0.999535561 31.906267166 0.011496212 0.999751329 -0.019102231 -2.477678299 -0.999646783 0.011948667 0.023743190 90.531135559
0.014335699 0.017361877 0.999746501 32.709556580 0.014903707 0.999734402 -0.017575376 -2.515156984 -0.999786198 0.015151884 0.014073136 90.527229309
0.003500354 0.016901273 0.999851048 33.506721497 0.013967057 0.999758780 -0.016948611 -2.536844015 -0.999896288 0.014024302 0.003263449 90.530357361
-0.007806996 0.016168119 0.999838769 34.296089172 0.014523872 0.999765635 -0.016053531 -2.568496943 -0.999864101 0.014396201 -0.008039990 90.518272400
-0.019099575 0.016874529 0.999675214 35.095523834 0.016663913 0.999724150 -0.016556975 -2.582605600 -0.999678731 0.016342269 -0.019375501 90.508956909
-0.029902317 0.017320273 0.999402702 35.881771088 0.016254529 0.999726117 -0.016839536 -2.611134052 -0.999420643 0.015741281 -0.030175660 90.477638245
-0.040174600 0.018163746 0.999027610 36.635143280 0.014372048 0.999741733 -0.017598778 -2.650372028 -0.999089360 0.013651049 -0.040425278 90.435417175
-0.050813109 0.019280273 0.998522043 37.407737732 0.014619038 0.999720812 -0.018559484 -2.673714876 -0.998601258 0.013654367 -0.051080786 90.395622253
-0.059674133 0.019684600 0.998023748 38.181552887 0.015560444 0.999702394 -0.018787313 -2.714050293 -0.998096645 0.014408578 -0.059962675 90.328826904
-0.070775740 0.020310704 0.997285426 38.976524353 0.016056441 0.999686241 -0.019220101 -2.736669779 -0.997363031 0.014652537 -0.071079642 90.315429688
-0.080285743 0.021069659 0.996549129 39.727138519 0.016181601 0.999672413 -0.019832041 -2.758498907 -0.996640563 0.014533529 -0.080600381 90.259300232
-0.087855592 0.020360669 0.995925128 40.455791473 0.018293824 0.999655426 -0.018823141 -2.796884060 -0.995965123 0.016565561 -0.088197798 90.165298462
-0.096703149 0.019073114 0.995130539 41.206691742 0.018910237 0.999671161 -0.017322510 -2.824603796 -0.995133579 0.017143011 -0.097032018 90.112472534
-0.101703607 0.018019838 0.994651496 41.969703674 0.021392990 0.999644339 -0.015922846 -2.839971066 -0.994584739 0.019659158 -0.102052927 90.033126831
-0.104616225 0.016120521 0.994381964 42.685104370 0.024447726 0.999608159 -0.013633165 -2.865539312 -0.994212091 0.022884130 -0.104969338 89.935073853
-0.107551903 0.015418955 0.994079888 43.373699188 0.026274167 0.999574542 -0.012661516 -2.881443501 -0.993852139 0.024756849 -0.107911259 89.857391357
-0.109694444 0.014709789 0.993856549 44.070098877 0.025859268 0.999594271 -0.011940558 -2.907235622 -0.993628919 0.024390589 -0.110030323 89.795341492
-0.109998532 0.015711702 0.993807554 44.743618011 0.026832126 0.999557555 -0.012832724 -2.922964811 -0.993569493 0.025254389 -0.110371441 89.709556580
-0.109195828 0.016277906 0.993887007 45.372245789 0.027992174 0.999519765 -0.013294728 -2.953188896 -0.993625998 0.026369328 -0.109599024 89.635902405
-0.106802396 0.018294763 0.994111896 46.009506226 0.029091086 0.999460161 -0.015267786 -2.966535807 -0.993854642 0.027289160 -0.107276954 89.581085205
-0.098653451 0.017780470 0.994962990 46.689655304 0.031098029 0.999407113 -0.014776427 -2.980957985 -0.994635761 0.029483641 -0.099147886 89.497352600
-0.090367272 0.018441221 0.995737791 47.283851624 0.031962968 0.999367118 -0.015607669 -2.997218847 -0.995395482 0.030416310 -0.090899535 89.443412781
-0.079515047 0.019066850 0.996651351 47.872867584 0.030723169 0.999388933 -0.016668061 -3.009948969 -0.996360123 0.029294927 -0.080052249 89.411804199
-0.066022709 0.019121507 0.997634828 48.423591614 0.029028123 0.999430001 -0.017234854 -3.033975124 -0.997395754 0.027821576 -0.066540144 89.388900757
-0.049033832 0.020077238 0.998595357 48.948398590 0.028538190 0.999417961 -0.018692469 -3.067132950 -0.998389363 0.027581539 -0.049578257 89.372169495
-0.027596511 0.023295652 0.999347687 49.484958649 0.027590403 0.999365330 -0.022534167 -3.082243443 -0.999238372 0.026950538 -0.028221732 89.376899719
-0.002840708 0.026062816 0.999656320 50.015789032 0.024695924 0.999357224 -0.025984842 -3.107182980 -0.999691010 0.024613617 -0.003482527 89.388214111
0.024707418 0.027664768 0.999311864 50.525306702 0.022623606 0.999345481 -0.028225057 -3.139128447 -0.999438703 0.023305405 0.024065372 89.427268982
0.058064274 0.027505782 0.997933805 51.030929565 0.020619208 0.999374092 -0.028745193 -3.158294201 -0.998099983 0.022245673 0.057460785 89.478256226
0.097010575 0.024197586 0.994989157 51.519546509 0.018094841 0.999496341 -0.026071427 -3.193188429 -0.995118856 0.020533374 0.096523859 89.529479980
0.139524579 0.020220622 0.990012109 52.040645599 0.015601042 0.999622524 -0.022615600 -3.218298197 -0.990095735 0.018600654 0.139156461 89.614387512
0.184732333 0.016448835 0.982651174 52.535091400 0.013067877 0.999730468 -0.019191407 -3.237501144 -0.982702017 0.016386438 0.184467569 89.731460571
0.233652517 0.013787457 0.972222447 53.080127716 0.010139697 0.999810576 -0.016615553 -3.246519327 -0.972267330 0.013740308 0.233468473 89.866783142
0.285487533 0.011335976 0.958315432 53.565387726 0.005462002 0.999894500 -0.013454979 -3.275177717 -0.958366871 0.009075550 0.285395473 90.042472839
0.339703828 0.013005869 0.940442562 54.018703461 0.006477406 0.999848306 -0.016167175 -3.264454842 -0.940510094 0.011583678 0.339568108 90.242301941
0.398065180 0.012944953 0.917265832 54.463237762 0.007805041 0.999816418 -0.017497100 -3.286960125 -0.917323947 0.014124283 0.397891104 90.455810547
0.457344115 0.014593977 0.889170051 54.877410889 0.008944503 0.999739170 -0.021009356 -3.322350979 -0.889244676 0.017561691 0.457094401 90.704185486
0.518197000 0.021231841 0.854997694 55.262432098 0.008281041 0.999520361 -0.029839694 -3.306793213 -0.855221152 0.022543112 0.517772675 90.953392029
0.576983154 0.025326075 0.816363215 55.630947113 0.003839449 0.999424040 -0.033718787 -3.326926231 -0.816746950 0.022589561 0.576553643 91.244445801
0.632308245 0.029028844 0.774172843 55.974117279 -0.001017313 0.999328017 -0.036640491 -3.342308998 -0.774716318 0.022380508 0.631912768 91.579040527
0.684263706 0.035651278 0.728362679 56.278125763 -0.005030587 0.999011219 -0.044172753 -3.301485062 -0.729217291 0.026561720 0.683766484 91.919021606
0.727589428 0.034659095 0.685136914 56.474082947 -0.004854215 0.998958051 -0.045379411 -3.301496744 -0.685995758 0.029691780 0.726999462 92.295196533
0.773205578 0.030011483 0.633445024 56.752601624 -0.007326066 0.999235570 -0.038399532 -3.337595463 -0.634113193 0.025050070 0.772834361 92.679687500
0.814996183 0.026689470 0.578851342 57.003871918 -0.010047546 0.999439478 -0.031935308 -3.353169918 -0.579379201 0.020211119 0.814807534 93.077117920
0.850445986 0.024002101 0.525514364 57.199092865 -0.012477028 0.999597907 -0.025463451 -3.368880033 -0.525914252 0.015098432 0.850403607 93.507362366
0.882412493 0.023886768 0.469869792 57.419719696 -0.016270710 0.999662280 -0.020263532 -3.358246803 -0.470195115 0.010235680 0.882503211 93.938743591
0.905949533 0.025175730 0.422636628 57.540779114 -0.021768918 0.999680042 -0.012886087 -3.395823240 -0.422825813 0.002473802 0.906207621 94.398742676
0.927236259 0.023326091 0.373749375 57.705638885 -0.022883616 0.999722302 -0.005621668 -3.447305918 -0.373776793 -0.003340123 0.927512646 94.811912537
0.942006886 0.029284932 0.334313482 57.821952820 -0.030005569 0.999545217 -0.003009632 -3.452687025 -0.334249616 -0.007196174 0.942457080 95.281715393
0.953561664 0.033530872 0.299325585 57.931869507 -0.033935383 0.999416590 -0.003848079 -3.456757069 -0.299280018 -0.006488348 0.954143226 95.744613647
0.962334752 0.036212962 0.269444913 58.027423859 -0.036632657 0.999322772 -0.003472178 -3.464751720 -0.269388139 -0.006529085 0.963009596 96.224975586
0.968696654 0.028987937 0.246548980 58.157276154 -0.029122157 0.999571025 -0.003102699 -3.466777563 -0.246533215 -0.004174465 0.969125390 96.700111389
0.972445369 0.027203796 0.231538296 58.256042480 -0.027388219 0.999621868 -0.002418470 -3.483525276 -0.231516555 -0.003989592 0.972822785 97.204925537
0.975175381 0.031821668 0.219135672 58.356338501 -0.032129426 0.999481499 -0.002160038 -3.498136759 -0.219090745 -0.004934287 0.975692034 97.678977966
0.977109134 0.035922308 0.209683821 58.445560455 -0.036017839 0.999345481 -0.003364280 -3.474465609 -0.209667444 -0.004265089 0.977763414 98.228446960
0.978093743 0.042188499 0.203844994 58.543102264 -0.042100057 0.999101996 -0.004772317 -3.471852064 -0.203863293 -0.003914113 0.978991628 98.727294922
0.978642583 0.047699157 0.199958488 58.627368927 -0.047220778 0.998858690 -0.007163762 -3.496824741 -0.200071990 -0.002431431 0.979778171 99.235260010
0.978843987 0.046995323 0.199138045 58.729873657 -0.045847569 0.998894572 -0.010373525 -3.497014046 -0.199405417 0.001024067 0.979916573 99.787673950
0.978210211 0.048085783 0.201971442 58.839336395 -0.046342839 0.998836398 -0.013352328 -3.528919697 -0.202378482 0.003701455 0.979300439 100.328170776
0.977615833 0.045456275 0.205429047 58.960002899 -0.042114288 0.998900115 -0.020613866 -3.530261993 -0.206140131 0.011500943 0.978454888 100.883628845
0.976767600 0.046558425 0.209182888 59.094898224 -0.042433530 0.998807013 -0.024166301 -3.562107563 -0.210058466 0.014728491 0.977577925 101.448181152
0.975588500 0.049323522 0.213995859 59.216529846 -0.044944283 0.998669446 -0.025284460 -3.551782846 -0.214958265 0.015049338 0.976507187 101.989227295
0.974265814 0.052935202 0.219098300 59.334888458 -0.049754649 0.998560905 -0.020012796 -3.582431793 -0.219842389 0.008596621 0.975497484 102.604042053
0.973278701 0.050345667 0.224040076 59.473995209 -0.047915101 0.998718798 -0.016275758 -3.593259573 -0.224572450 0.005105945 0.974443972 103.207733154
0.972724199 0.045854274 0.227387324 59.635845184 -0.044578120 0.998948097 -0.010747423 -3.615296364 -0.227640942 0.000317779 0.973745167 103.823600769
0.971793532 0.042746037 0.231926844 59.778335571 -0.042318486 0.999080956 -0.006820735 -3.623172760 -0.232005253 -0.003186449 0.972709298 104.470176697
0.971358716 0.038849887 0.234420583 59.936771393 -0.038550481 0.999239445 -0.005861223 -3.639478922 -0.234470010 -0.003343676 0.972117603 105.078475952
0.971451938 0.035114806 0.234623477 60.095142365 -0.034058243 0.999383271 -0.008555013 -3.653147697 -0.234779179 0.000319920 0.972048700 105.731712341
0.971587598 0.034811225 0.234106228 60.255798340 -0.032177851 0.999368787 -0.015060021 -3.677744150 -0.234482676 0.007099096 0.972094297 106.389274597
0.971788943 0.036170546 0.233062059 60.412986755 -0.031981122 0.999252319 -0.021730674 -3.692060947 -0.233673766 0.013664044 0.972219110 107.047904968
0.972177207 0.041494064 0.230542451 60.580448151 -0.036527719 0.999000311 -0.025770402 -3.700025320 -0.231381312 0.016632205 0.972720921 107.774589539
0.972927690 0.039281476 0.227746978 60.748371124 -0.035230268 0.999140859 -0.021827854 -3.720191717 -0.228408739 0.013213336 0.973475635 108.467491150
0.973364472 0.035237275 0.226538956 60.912170410 -0.033111483 0.999364734 -0.013178058 -3.765324831 -0.226859406 0.005326013 0.973913014 109.194206238
0.973822057 0.036199506 0.224410847 61.070865631 -0.035406511 0.999344409 -0.007558180 -3.784319401 -0.224537328 -0.000585283 0.974465370 109.909561157
0.974128485 0.040103558 0.222408071 61.232688904 -0.039317340 0.999195039 -0.007963477 -3.810421228 -0.222548410 -0.000987044 0.974921107 110.641586304
0.974324882 0.045596406 0.220481366 61.386436462 -0.043834917 0.998955786 -0.012877922 -3.821456909 -0.220838308 0.002882498 0.975306153 111.381507874
0.975020587 0.047291148 0.217021823 61.535293579 -0.044490747 0.998851657 -0.017774481 -3.842966318 -0.217613190 0.007675022 0.976004899 112.137390137
0.975851417 0.046846364 0.213352814 61.694557190 -0.043483775 0.998845279 -0.020428924 -3.863657713 -0.214063451 0.010658207 0.976761699 112.888847351
0.976970255 0.043068971 0.208983839 61.866397858 -0.039971471 0.999019742 -0.019024502 -3.883727789 -0.209598348 0.010232982 0.977734029 113.648574829
0.977816522 0.039971992 0.205614135 62.029373169 -0.037286561 0.999161363 -0.016920291 -3.908957481 -0.206118047 0.008878294 0.978486836 114.426315308
0.978118956 0.039428253 0.204276130 62.186084747 -0.037296165 0.999202192 -0.014278287 -3.936066866 -0.204676121 0.006347147 0.978809178 115.228775024
0.978500605 0.036177762 0.203045890 62.350814819 -0.034508228 0.999335289 -0.011757900 -3.952819109 -0.203336284 0.004498360 0.979098678 116.008224487
0.978879690 0.030466296 0.202154085 62.536880493 -0.028942365 0.999526083 -0.010490802 -3.976255655 -0.202377886 0.004418417 0.979297578 116.829780579
0.978941619 0.031511091 0.201693699 62.696487427 -0.030270310 0.999499083 -0.009233998 -3.979408026 -0.201883644 0.002934215 0.979405165 117.659095764
0.978692353 0.036385957 0.202082664 62.852745056 -0.034898881 0.999331176 -0.010918107 -4.002609253 -0.202344790 0.003633008 0.979307592 118.462318420
0.978321970 0.042578585 0.202665389 63.017902374 -0.040572103 0.999077857 -0.014046495 -4.039249420 -0.203076556 0.005519435 0.979147255 119.282341003
0.977615654 0.052031152 0.203863874 63.170761108 -0.049775716 0.998629272 -0.016179010 -4.048879623 -0.204426259 0.005669382 0.978865623 120.141845703
0.976579010 0.058140073 0.207155108 63.323974609 -0.056083016 0.998301148 -0.015794007 -4.076542854 -0.207721457 0.003806211 0.978180647 120.967308044
0.975821853 0.061419763 0.209759951 63.497753143 -0.060032103 0.998112023 -0.012982286 -4.114150524 -0.210161313 0.000076067 0.977666676 121.788612366
0.975212276 0.062524371 0.212254167 63.686878204 -0.061067395 0.998043358 -0.013419609 -4.148552895 -0.212677926 0.000125157 0.977122366 122.636505127
0.974946022 0.060621683 0.214021787 63.876831055 -0.058425188 0.998154104 -0.016579503 -4.167780399 -0.214631796 0.003659857 0.976688087 123.482192993
0.975023866 0.055040434 0.215172246 64.067230225 -0.053170085 0.998480558 -0.014475389 -4.198963165 -0.215642035 0.002673122 0.976468921 124.351516724
0.975311697 0.048135746 0.215522632 64.263038635 -0.045564611 0.998818636 -0.016885392 -4.219409466 -0.216080830 0.006648316 0.976352870 125.218582153
0.975176632 0.046136320 0.216568619 64.451431274 -0.043591052 0.998912871 -0.016517593 -4.251579285 -0.217095241 0.006667118 0.976127684 126.058738708
0.974673271 0.049191222 0.218156397 64.636390686 -0.047327407 0.998784661 -0.013763888 -4.273141384 -0.218568325 0.003090518 0.975816786 126.900360107
0.974280059 0.050704870 0.219561875 64.816535950 -0.050244614 0.998707473 -0.007683475 -4.306787968 -0.219667643 -0.003545945 0.975568235 127.752388000
0.973895311 0.054369990 0.220390126 65.003875732 -0.054941233 0.998483241 -0.003541515 -4.331318855 -0.220248416 -0.008659441 0.975405335 128.593566895
0.973690987 0.052295528 0.221790418 65.167121887 -0.051339068 0.998630524 -0.010079392 -4.355837345 -0.222013772 -0.001572300 0.975042224 129.404815674
0.974059105 0.048184093 0.221104205 65.364082336 -0.043872502 0.998739779 -0.024372941 -4.384165287 -0.221999973 0.014040290 0.974945545 130.215118408
